4294967279,47
4294967279,46
4294967279,45
4294967278,368
4294967278,352
4294967278,367
4294967278,315
4294967278,390
4294967278,383
4294967279,43
4294967279,41
4294967279,40
4294967279,38
4294967279,37
4294967279,36
4294967279,35
4294967278,382
4294967278,351
4294967278,204
4294967278,314
4294967278,313
52,6
52,2
52,4
4294967278,366
52,1
4294967278,200
4294967278,349
4294967279,411
4294967279,32
4294967279,31
4294967279,30
4294967279,29
4294967279,28
4294967279,26
4294967279,430
4294967278,311
4294967278,381
4294967278,380
4294967279,405
4294967278,347
4294967278,0
4294967278,379
50,2
47,5
47,1
4294967278,193
4294967278,365
4294967279,24
4294967279,23
4294967279,21
4294967279,20
4294967279,443
4294967278,348
4294967278,191
4294967279,312
50,4
50,6
4294967278,310
52,5
47,4
4294967279,192
50,1
4294967279,311
50,5
46,4
46,5
4294967279,18
4294967279,17
4294967279,16
4294967278,308
4294967279,14
4294967279,11
4294967279,10
4294967279,188
58,5
4294967278,345
58,4
4294967278,389
4294967279,184
4294967294,972
4294967294,40
4294967294,38
4294967294,37
4294967278,306
4294967279,402
4294967278,304
4294967278,178
4294967279,179
4294967278,177
58,6
4294967279,177
58,3
58,2
58,1
4294967279,454
57,5
57,4
4294967294,41
4294967294,43
4294967294,1421
4294967294,45
4294967294,430
4294967294,44
52,3
42,3
32,3
29,3
4294967294,1423
4294967294,51
4294967294,76
4294967294,52
4294967294,53
4294967294,92
4294967294,91
4294967294,88
4294967294,87
4294967294,85
4294967294,84
4294967294,83
4294967294,392
4294967294,46
4294967294,389
4294967294,115
4294967279,302
57,6
4294967294,96
4294967294,94
4294967279,163
57,3
57,2
57,1
4294967294,8
0,7
4294967279,298
4294967279,160
4294967279,395
21,5
4294967279,155
4294967294,128
4294967294,186
4294967294,2
4294967294,988
4294967294,0
4294967294,1422
4294967294,5
4294967294,9
4294967294,107
4294967294,15
4294967294,25
4294967279,153
4294967294,90
4294967294,86
4294967294,1021
4294967294,150
4294967294,1018
4294967294,29
4294967294,413
4294967294,28
4294967294,989
4294967294,27
4294967294,1019
4294967294,417
4294967294,393
4294967279,297
39,5
11,5
4,5
55,4
55,5
4294967294,475
21,4
21,6
32,4
24,4
42,5
29,5
29,6
30,5
32,5
4294967294,1426
4294967294,36
4294967294,473
4294967294,93
4294967294,95
4294967294,17
4294967294,39
4294967294,42
4294967294,67
4294967294,99
4294967294,471
4294967294,26
4294967294,1425
4294967294,1424
4294967294,6
4294967294,22
39,1
12,5
12,1
4294967279,149
12,4
38,4
2,4
4294967294,81
4294967278,132
4294967278,131
4294967278,130
4294967278,129
4294967278,128
4294967278,127
4294967278,126
4294967278,125
4294967278,124
4294967278,123
4294967278,122
4294967278,121
4294967278,120
4294967278,119
4294967278,118
4294967278,117
4294967278,116
4294967278,115
4294967278,114
4294967278,113
4294967278,112
4294967278,111
4294967278,110
4294967278,109
4294967278,108
4294967278,107
4294967278,106
4294967278,105
4294967278,104
4294967278,103
4294967278,102
4294967278,101
4294967278,100
4294967278,99
4294967278,98
4294967278,97
4294967278,96
4294967278,95
4294967278,94
4294967278,93
4294967278,92
4294967278,91
4294967278,90
4294967278,89
4294967278,87
4294967278,86
4294967278,85
4294967278,84
4294967278,83
4294967278,82
4294967278,81
4294967278,80
4294967278,79
4294967278,78
4294967278,77
4294967278,76
4294967278,75
4294967278,74
4294967278,73
4294967278,72
4294967278,71
4294967278,70
4294967278,69
4294967278,68
4294967278,67
4294967278,66
4294967278,65
4294967278,64
4294967279,86
4294967279,85
4294967279,83
4294967279,80
4294967279,78
4294967279,74
4294967279,71
4294967279,70
4294967279,67
4294967279,63
4294967279,61
4294967279,56
4294967279,52
4294967279,50
4294967279,49
4294967279,44
4294967279,42
4294967279,39
4294967279,34
4294967279,33
4294967279,294
4294967279,27
4294967279,25
4294967279,0
4294967279,260
4294967279,277
4294967279,22
4294967279,19
4294967279,15
4294967279,13
4294967279,12
4294967279,9
4294967279,8
4294967279,7
4294967279,6
4294967279,5
4294967279,4
4294967294,1038
4294967294,1035
4294967294,82
4294967294,1419
4294967294,68
4294967294,11
0,5
4294967294,7
4294967279,441
4,4
4294967279,300
4294967294,476
56,6
56,5
56,4
56,3
56,2
56,1
4294967278,391
